Mu7_IP4 Mu8_IP6 Mu8_IP5 Mu8_IP3 Mu8p5_IP3p5 Mu9_IP6 Mu9_IP5 Mu9_IP4 Mu10p5_IP3p5 Mu12_IP6
  0.000   4.930   4.930   0.787   0.000   6.939   6.939   0.009   0.000   6.939  4.930   0.000   8.259   0.257   0.000   8.259   8.259   0.009   0.000   8.259  4.930   8.259   0.000   0.257   0.000   8.259   8.259   0.009   0.000   8.259  0.787   0.257   0.257   0.000   0.000   1.582   0.787   0.009   0.000   0.787  0.000   0.000   0.000   0.000   0.000   0.320   0.000   0.000   0.320   0.000  6.939   8.259   8.259   1.582   0.320   0.000  20.890   0.009   0.320  26.675  6.939   8.259   8.259   0.787   0.000  20.890   0.000   0.009   0.000  20.890  0.009   0.009   0.009   0.009   0.000   0.009   0.009   0.000   0.000   0.009  0.000   0.000   0.000   0.000   0.320   0.320   0.000   0.000   0.000   0.000  6.939   8.259   8.259   0.787   0.000  26.675  20.890   0.009   0.000   0.000